YY MM DD hh WD   WSPD GST  WVHT  DPD   APD  MWD  BAR    ATMP  WTMP  DEWP  VIS
94 01 01 00 259 10.9 11.8 99.00 99.00 99.00 999 1024.0 -00.8 999.0 999.0 99.0
94 01 01 01 259 10.9 11.7 99.00 99.00 99.00 999 1024.3 -00.6 999.0 999.0 99.0
94 01 01 02 269 11.2 12.5 99.00 99.00 99.00 999 1025.0 -00.6 999.0 999.0 99.0
94 01 01 03 273 10.8 12.2 99.00 99.00 99.00 999 1025.7 -00.8 999.0 999.0 99.0
94 01 01 04 270 09.1 10.0 99.00 99.00 99.00 999 1025.7 -01.0 999.0 999.0 99.0
94 01 01 05 272 08.3 09.7 99.00 99.00 99.00 999 1025.8 -00.7 999.0 999.0 99.0
94 01 01 06 276 08.3 09.3 99.00 99.00 99.00 999 1026.3 -00.7 999.0 999.0 99.0
94 01 01 07 273 07.0 08.0 99.00 99.00 99.00 999 1026.8 -01.0 999.0 999.0 99.0
94 01 01 08 283 03.8 04.7 99.00 99.00 99.00 999 1026.8 -01.7 999.0 999.0 99.0
94 01 01 09 251 04.5 05.1 99.00 99.00 99.00 999 1027.0 -01.0 999.0 999.0 99.0
94 01 01 10 250 04.6 05.6 99.00 99.00 99.00 999 1027.2 -00.7 999.0 999.0 99.0
94 01 01 11 245 08.6 09.9 99.00 99.00 99.00 999 1027.4  00.0 999.0 999.0 99.0
94 01 01 12 247 06.1 07.4 99.00 99.00 99.00 999 1027.8  00.1 999.0 999.0 99.0
94 01 01 13 251 03.9 04.5 99.00 99.00 99.00 999 1027.2  00.6 999.0 999.0 99.0
94 01 01 14 228 09.7 10.5 99.00 99.00 99.00 999 1027.3  01.5 999.0 999.0 99.0
94 01 01 15 227 09.5 10.8 99.00 99.00 99.00 999 1026.9  02.1 999.0 999.0 99.0
94 01 01 16 211 09.7 10.5 99.00 99.00 99.00 999 1026.3  03.1 999.0 999.0 99.0
94 01 01 17 215 11.0 11.7 99.00 99.00 99.00 999 1024.7  04.1 999.0 999.0 99.0
94 01 01 18 206 12.2 13.3 99.00 99.00 99.00 999 1023.3  04.6 999.0 999.0 99.0
94 01 01 19 204 13.5 15.0 99.00 99.00 99.00 999 1022.3  05.2 999.0 999.0 99.0
94 01 01 20 190 11.0 12.2 99.00 99.00 99.00 999 1021.2  05.9 999.0 999.0 99.0
94 01 01 21 185 11.2 12.2 99.00 99.00 99.00 999 1020.3  06.3 999.0 999.0 99.0
94 01 01 22 196 14.3 16.0 99.00 99.00 99.00 999 1020.3  06.9 999.0 999.0 99.0
94 01 01 23 192 12.9 14.4 99.00 99.00 99.00 999 1019.5  07.3 999.0 999.0 99.0
94 01 02 00 199 11.9 12.7 99.00 99.00 99.00 999 1018.8  07.5 999.0 999.0 99.0
94 01 02 01 201 09.8 10.7 99.00 99.00 99.00 999 1017.7  07.2 999.0 999.0 99.0
94 01 02 02 186 10.6 11.6 99.00 99.00 99.00 999 1016.3  07.6 999.0 999.0 99.0
94 01 02 03 201 10.2 10.9 99.00 99.00 99.00 999 1015.1  07.9 999.0 999.0 99.0
94 01 02 04 222 08.9 09.3 99.00 99.00 99.00 999 1014.9  07.8 999.0 999.0 99.0
94 01 02 05 222 09.9 10.8 99.00 99.00 99.00 999 1014.3  07.3 999.0 999.0 99.0
94 01 02 06 238 17.9 19.4 99.00 99.00 99.00 999 1014.0  06.1 999.0 999.0 99.0
94 01 02 07 257 10.4 11.2 99.00 99.00 99.00 999 1013.2  05.0 999.0 999.0 99.0
94 01 02 08 247 07.9 08.8 99.00 99.00 99.00 999 1013.2  03.7 999.0 999.0 99.0
94 01 02 09 221 04.3 05.0 99.00 99.00 99.00 999 1012.0  03.3 999.0 999.0 99.0
94 01 02 10 203 05.9 06.6 99.00 99.00 99.00 999 1011.6  03.9 999.0 999.0 99.0
94 01 02 11 220 08.0 09.2 99.00 99.00 99.00 999 1011.9  04.4 999.0 999.0 99.0
94 01 02 12 239 06.6 07.6 99.00 99.00 99.00 999 1012.5  04.4 999.0 999.0 99.0
94 01 02 13 254 06.4 06.8 99.00 99.00 99.00 999 1012.9  04.1 999.0 999.0 99.0
94 01 02 14 276 06.1 06.5 99.00 99.00 99.00 999 1013.3  03.9 999.0 999.0 99.0
94 01 02 15 294 03.9 04.1 99.00 99.00 99.00 999 1013.9  04.4 999.0 999.0 99.0
94 01 02 16 295 02.3 02.7 99.00 99.00 99.00 999 1013.0  07.6 999.0 999.0 99.0
94 01 02 17 266 02.5 02.6 99.00 99.00 99.00 999 1012.2  05.9 999.0 999.0 99.0
94 01 02 18 275 03.5 03.7 99.00 99.00 99.00 999 1011.1  06.0 999.0 999.0 99.0
94 01 02 19 284 04.3 04.7 99.00 99.00 99.00 999 1011.4  06.9 999.0 999.0 99.0
94 01 02 20 298 04.8 05.0 99.00 99.00 99.00 999 1012.4  08.0 999.0 999.0 99.0
94 01 02 21 301 06.1 06.4 99.00 99.00 99.00 999 1013.3  07.2 999.0 999.0 99.0
94 01 02 22 287 05.9 06.3 99.00 99.00 99.00 999 1014.7  06.0 999.0 999.0 99.0
94 01 02 23 292 05.5 05.9 99.00 99.00 99.00 999 1015.8  05.4 999.0 999.0 99.0
94 01 03 00 289 05.0 05.5 99.00 99.00 99.00 999 1016.5  04.8 999.0 999.0 99.0
94 01 03 01 300 06.7 07.4 99.00 99.00 99.00 999 1016.2  04.1 999.0 999.0 99.0
94 01 03 02 302 05.8 06.2 99.00 99.00 99.00 999 1017.2  03.8 999.0 999.0 99.0
94 01 03 03 329 06.1 06.9 99.00 99.00 99.00 999 1018.0  03.4 999.0 999.0 99.0
94 01 03 04 355 07.5 08.3 99.00 99.00 99.00 999 1018.9  02.4 999.0 999.0 99.0
94 01 03 05 354 06.7 07.7 99.00 99.00 99.00 999 1019.7  01.7 999.0 999.0 99.0
94 01 03 06 017 09.2 10.1 99.00 99.00 99.00 999 1020.1  01.1 999.0 999.0 99.0
94 01 03 07 011 09.4 11.2 99.00 99.00 99.00 999 1020.9  00.2 999.0 999.0 99.0
94 01 03 08 360 08.3 09.6 99.00 99.00 99.00 999 1021.7 -00.5 999.0 999.0 99.0
94 01 03 09 005 07.4 08.7 99.00 99.00 99.00 999 1022.5 -00.8 999.0 999.0 99.0
94 01 03 10 006 08.3 09.7 99.00 99.00 99.00 999 1022.5 -01.0 999.0 999.0 99.0
94 01 03 11 360 07.5 08.8 99.00 99.00 99.00 999 1023.5 -01.1 999.0 999.0 99.0
94 01 03 12 008 07.6 08.7 99.00 99.00 99.00 999 1023.8 -01.0 999.0 999.0 99.0
94 01 03 13 046 10.6 11.9 99.00 99.00 99.00 999 1024.3 -00.1 999.0 999.0 99.0
94 01 03 14 038 10.6 11.4 99.00 99.00 99.00 999 1025.0 -00.3 999.0 999.0 99.0
94 01 03 15 033 11.1 12.0 99.00 99.00 99.00 999 1025.6 -00.2 999.0 999.0 99.0
94 01 03 16 036 11.6 13.0 99.00 99.00 99.00 999 1024.6  00.3 999.0 999.0 99.0
94 01 03 17 033 10.5 11.6 99.00 99.00 99.00 999 1023.5  00.4 999.0 999.0 99.0
94 01 03 18 034 10.8 12.0 99.00 99.00 99.00 999 1023.2  00.5 999.0 999.0 99.0
94 01 03 19 028 11.3 12.2 99.00 99.00 99.00 999 1022.3  00.6 999.0 999.0 99.0
94 01 03 20 036 10.4 11.3 99.00 99.00 99.00 999 1023.1  00.6 999.0 999.0 99.0
94 01 03 21 042 09.6 10.7 99.00 99.00 99.00 999 1022.8  00.5 999.0 999.0 99.0
94 01 03 22 047 10.9 11.8 99.00 99.00 99.00 999 1022.1  00.4 999.0 999.0 99.0
94 01 03 23 038 13.6 15.1 99.00 99.00 99.00 999 1021.0  00.2 999.0 999.0 99.0
94 01 04 00 038 15.0 16.7 99.00 99.00 99.00 999 1020.4  00.2 999.0 999.0 99.0
94 01 04 01 037 14.4 16.5 99.00 99.00 99.00 999 1019.2  00.4 999.0 999.0 99.0
94 01 04 02 044 16.0 17.2 99.00 99.00 99.00 999 1017.3  00.7 999.0 999.0 99.0
94 01 04 03 035 16.5 18.7 99.00 99.00 99.00 999 1015.9 -00.2 999.0 999.0 99.0
94 01 04 04 027 17.4 19.2 99.00 99.00 99.00 999 1013.3  00.0 999.0 999.0 99.0
94 01 04 06 021 19.0 21.7 99.00 99.00 99.00 999 1008.9  01.1 999.0 999.0 99.0
94 01 04 07 017 15.9 19.0 99.00 99.00 99.00 999 1008.0  01.3 999.0 999.0 99.0
94 01 04 08 019 17.0 19.1 99.00 99.00 99.00 999 1005.7  01.5 999.0 999.0 99.0
94 01 04 09 021 18.6 21.2 99.00 99.00 99.00 999 1003.3  01.8 999.0 999.0 99.0
94 01 04 10 027 20.1 22.5 99.00 99.00 99.00 999 1001.1  02.0 999.0 999.0 99.0
94 01 04 11 022 20.0 22.3 99.00 99.00 99.00 999 0999.6  02.2 999.0 999.0 99.0
94 01 04 12 019 19.6 21.9 99.00 99.00 99.00 999 0997.3  02.5 999.0 999.0 99.0
94 01 04 13 019 18.2 20.6 99.00 99.00 99.00 999 0995.7  02.7 999.0 999.0 99.0
94 01 04 14 010 19.0 21.8 99.00 99.00 99.00 999 0994.7  03.0 999.0 999.0 99.0
94 01 04 15 025 19.6 22.2 99.00 99.00 99.00 999 0991.9  03.4 999.0 999.0 99.0
94 01 04 16 025 12.0 16.2 99.00 99.00 99.00 999 0991.5  03.6 999.0 999.0 99.0
94 01 04 17 031 12.8 14.5 99.00 99.00 99.00 999 0990.0  04.2 999.0 999.0 99.0
94 01 04 18 044 07.0 07.8 99.00 99.00 99.00 999 0989.3  04.9 999.0 999.0 99.0
94 01 04 19 072 06.0 06.5 99.00 99.00 99.00 999 0988.4  04.7 999.0 999.0 99.0
94 01 04 20 110 03.2 03.8 99.00 99.00 99.00 999 0988.7  06.1 999.0 999.0 99.0
94 01 04 21 182 06.4 06.9 99.00 99.00 99.00 999 0988.9  07.0 999.0 999.0 99.0
94 01 04 22 192 08.0 09.2 99.00 99.00 99.00 999 0988.9  07.6 999.0 999.0 99.0
94 01 04 23 210 13.3 14.6 99.00 99.00 99.00 999 0989.9  07.5 999.0 999.0 99.0
94 01 05 00 204 16.3 18.2 99.00 99.00 99.00 999 0990.6  06.8 999.0 999.0 99.0
94 01 05 01 226 16.7 18.9 99.00 99.00 99.00 999 0991.9  04.7 999.0 999.0 99.0
94 01 05 02 212 16.2 18.3 99.00 99.00 99.00 999 0992.9  03.9 999.0 999.0 99.0
94 01 05 03 221 17.6 20.3 99.00 99.00 99.00 999 0993.6  02.6 999.0 999.0 99.0
94 01 05 04 233 17.4 18.4 99.00 99.00 99.00 999 0995.2  00.5 999.0 999.0 99.0
94 01 05 05 250 14.5 15.9 99.00 99.00 99.00 999 0995.8 -00.9 999.0 999.0 99.0
94 01 05 06 243 14.3 15.8 99.00 99.00 99.00 999 0996.9 -00.7 999.0 999.0 99.0
94 01 05 07 258 13.6 15.0 99.00 99.00 99.00 999 0997.7 -01.7 999.0 999.0 99.0
94 01 05 08 265 13.6 15.3 99.00 99.00 99.00 999 1000.0 -03.3 999.0 999.0 99.0
94 01 05 09 262 13.3 14.6 99.00 99.00 99.00 999 1000.7 -04.3 999.0 999.0 99.0
94 01 05 10 273 11.0 13.1 99.00 99.00 99.00 999 1001.8 -05.0 999.0 999.0 99.0
94 01 05 11 276 15.3 17.2 99.00 99.00 99.00 999 1003.0 -06.3 999.0 999.0 99.0
94 01 05 12 283 13.3 15.6 99.00 99.00 99.00 999 1004.2 -06.6 999.0 999.0 99.0
94 01 05 13 284 11.8 13.4 99.00 99.00 99.00 999 1005.4 -06.3 999.0 999.0 99.0
94 01 05 14 272 09.7 11.9 99.00 99.00 99.00 999 1005.9 -05.8 999.0 999.0 99.0
94 01 05 15 264 13.2 15.3 99.00 99.00 99.00 999 1006.1 -05.1 999.0 999.0 99.0
94 01 05 16 251 09.7 11.7 99.00 99.00 99.00 999 1006.3 -04.5 999.0 999.0 99.0
94 01 05 17 257 10.1 11.7 99.00 99.00 99.00 999 1005.7 -03.7 999.0 999.0 99.0
94 01 05 18 253 10.2 12.2 99.00 99.00 99.00 999 1005.7 -02.7 999.0 999.0 99.0
94 01 05 19 255 12.0 13.3 99.00 99.00 99.00 999 1006.3 -01.7 999.0 999.0 99.0
94 01 05 20 248 13.1 15.7 99.00 99.00 99.00 999 1007.3 -00.9 999.0 999.0 99.0
94 01 05 21 263 16.6 18.4 99.00 99.00 99.00 999 1008.1 -00.4 999.0 999.0 99.0
94 01 05 22 275 15.2 16.8 99.00 99.00 99.00 999 1009.8 -01.5 999.0 999.0 99.0
94 01 05 23 263 15.0 16.5 99.00 99.00 99.00 999 1011.4 -01.9 999.0 999.0 99.0
94 01 06 00 253 19.6 22.5 99.00 99.00 99.00 999 1013.0 -02.2 999.0 999.0 99.0
94 01 06 01 255 14.5 16.2 99.00 99.00 99.00 999 1014.8 -02.9 999.0 999.0 99.0
94 01 06 02 283 12.9 15.1 99.00 99.00 99.00 999 1016.1 -04.4 999.0 999.0 99.0
94 01 06 03 273 15.4 19.5 99.00 99.00 99.00 999 1017.0 -05.1 999.0 999.0 99.0
94 01 06 04 275 14.2 17.8 99.00 99.00 99.00 999 1018.2 -05.7 999.0 999.0 99.0
94 01 06 05 269 15.6 17.8 99.00 99.00 99.00 999 1018.7 -06.2 999.0 999.0 99.0
94 01 06 06 268 14.6 16.6 99.00 99.00 99.00 999 1020.5 -07.0 999.0 999.0 99.0
94 01 06 07 271 14.0 16.1 99.00 99.00 99.00 999 1021.9 -07.1 999.0 999.0 99.0
94 01 06 08 285 11.0 12.9 99.00 99.00 99.00 999 1022.7 -07.8 999.0 999.0 99.0
94 01 06 09 282 13.8 16.6 99.00 99.00 99.00 999 1023.4 -08.4 999.0 999.0 99.0
94 01 06 10 282 11.8 13.5 99.00 99.00 99.00 999 1024.7 -08.9 999.0 999.0 99.0
94 01 06 11 279 12.0 13.3 99.00 99.00 99.00 999 1025.3 -09.1 999.0 999.0 99.0
94 01 06 12 286 07.0 08.3 99.00 99.00 99.00 999 1026.0 -09.4 999.0 999.0 99.0
94 01 06 13 285 06.0 07.5 99.00 99.00 99.00 999 1026.9 -09.6 999.0 999.0 99.0
94 01 06 14 283 04.3 06.2 99.00 99.00 99.00 999 1027.3 -09.1 999.0 999.0 99.0
94 01 06 15 287 02.2 02.8 99.00 99.00 99.00 999 1027.7 -07.2 999.0 999.0 99.0
94 01 06 16 281 02.5 03.8 99.00 99.00 99.00 999 1027.0 -06.5 999.0 999.0 99.0
94 01 06 17 260 03.1 03.9 99.00 99.00 99.00 999 1026.4 -08.1 999.0 999.0 99.0
94 01 06 18 316 01.7 02.1 99.00 99.00 99.00 999 1025.5 -07.7 999.0 999.0 99.0
94 01 06 19 270 03.0 03.6 99.00 99.00 99.00 999 1026.3 -07.5 999.0 999.0 99.0
94 01 06 20 332 00.8 01.2 99.00 99.00 99.00 999 1025.9 -06.7 999.0 999.0 99.0
94 01 06 21 334 02.1 02.8 99.00 99.00 99.00 999 1026.0 -06.4 999.0 999.0 99.0
94 01 06 22 033 02.8 03.8 99.00 99.00 99.00 999 1025.4 -06.7 999.0 999.0 99.0
94 01 06 23 042 05.7 06.7 99.00 99.00 99.00 999 1024.3 -06.6 999.0 999.0 99.0
94 01 07 00 058 06.2 07.1 99.00 99.00 99.00 999 1023.6 -06.0 999.0 999.0 99.0
94 01 07 01 059 06.2 07.5 99.00 99.00 99.00 999 1023.1 -05.6 999.0 999.0 99.0
94 01 07 02 076 06.9 07.8 99.00 99.00 99.00 999 1022.1 -04.9 999.0 999.0 99.0
94 01 07 03 066 07.8 09.0 99.00 99.00 99.00 999 1021.2 -04.4 999.0 999.0 99.0
94 01 07 04 055 06.9 08.1 99.00 99.00 99.00 999 1020.2 -04.2 999.0 999.0 99.0
94 01 07 05 029 07.8 09.1 99.00 99.00 99.00 999 1019.4 -05.1 999.0 999.0 99.0
94 01 07 06 033 10.4 11.6 99.00 99.00 99.00 999 1018.4 -04.2 999.0 999.0 99.0
94 01 07 07 038 11.1 12.7 99.00 99.00 99.00 999 1017.8 -03.6 999.0 999.0 99.0
94 01 07 08 026 08.1 09.8 99.00 99.00 99.00 999 1017.9 -03.5 999.0 999.0 99.0
94 01 07 09 035 10.5 12.0 99.00 99.00 99.00 999 1017.0 -03.0 999.0 999.0 99.0
94 01 07 10 002 08.4 09.5 99.00 99.00 99.00 999 1017.0 -03.8 999.0 999.0 99.0
94 01 07 11 007 06.7 07.9 99.00 99.00 99.00 999 1017.4 -04.2 999.0 999.0 99.0
94 01 07 12 356 07.2 08.4 99.00 99.00 99.00 999 1017.4 -05.1 999.0 999.0 99.0
94 01 07 13 357 08.5 09.5 99.00 99.00 99.00 999 1017.9 -05.8 999.0 999.0 99.0
94 01 07 14 360 07.8 08.8 99.00 99.00 99.00 999 1018.4 -05.7 999.0 999.0 99.0
94 01 07 15 360 08.9 09.7 99.00 99.00 99.00 999 1018.4 -05.2 999.0 999.0 99.0
94 01 07 16 006 08.1 09.1 99.00 99.00 99.00 999 1017.8 -04.4 999.0 999.0 99.0
94 01 07 17 006 07.7 08.7 99.00 99.00 99.00 999 1017.3 -03.1 999.0 999.0 99.0
94 01 07 18 002 08.2 09.3 99.00 99.00 99.00 999 1016.7 -02.2 999.0 999.0 99.0
94 01 07 19 017 08.9 10.0 99.00 99.00 99.00 999 1016.3 -01.4 999.0 999.0 99.0
94 01 07 20 038 11.6 13.0 99.00 99.00 99.00 999 1016.5 -00.7 999.0 999.0 99.0
94 01 07 21 037 10.7 11.8 99.00 99.00 99.00 999 1017.3 -00.7 999.0 999.0 99.0
94 01 07 22 036 12.4 13.4 99.00 99.00 99.00 999 1017.3 -00.8 999.0 999.0 99.0
94 01 07 23 043 13.4 14.5 99.00 99.00 99.00 999 1016.8 -01.1 999.0 999.0 99.0
94 01 08 00 035 11.3 12.8 99.00 99.00 99.00 999 1017.3 -01.1 999.0 999.0 99.0
94 01 08 01 039 12.4 13.6 99.00 99.00 99.00 999 1016.4 -01.0 999.0 999.0 99.0
94 01 08 02 043 10.6 12.2 99.00 99.00 99.00 999 1015.9 -00.6 999.0 999.0 99.0
94 01 08 03 048 10.9 12.2 99.00 99.00 99.00 999 1015.1 -00.4 999.0 999.0 99.0
94 01 08 04 049 10.1 11.0 99.00 99.00 99.00 999 1013.9 -00.1 999.0 999.0 99.0
94 01 08 05 048 11.2 12.4 99.00 99.00 99.00 999 1013.0  00.1 999.0 999.0 99.0
94 01 08 06 050 13.0 14.9 99.00 99.00 99.00 999 1011.3  00.3 999.0 999.0 99.0
94 01 08 07 055 12.0 14.2 99.00 99.00 99.00 999 1010.4  00.4 999.0 999.0 99.0
94 01 08 08 047 11.5 13.1 99.00 99.00 99.00 999 1008.3  00.6 999.0 999.0 99.0
94 01 08 09 040 11.3 12.7 99.00 99.00 99.00 999 1006.9  01.1 999.0 999.0 99.0
94 01 08 10 031 11.1 12.2 99.00 99.00 99.00 999 1005.2  01.0 999.0 999.0 99.0
94 01 08 11 038 13.7 14.5 99.00 99.00 99.00 999 1002.8  01.1 999.0 999.0 99.0
94 01 08 12 034 10.0 10.9 99.00 99.00 99.00 999 1001.5  01.4 999.0 999.0 99.0
94 01 08 13 008 12.2 13.5 99.00 99.00 99.00 999 1000.5  01.3 999.0 999.0 99.0
94 01 08 14 032 12.0 13.3 99.00 99.00 99.00 999 0999.8  01.9 999.0 999.0 99.0
94 01 08 15 035 07.9 08.4 99.00 99.00 99.00 999 0999.3  02.3 999.0 999.0 99.0
94 01 08 16 285 13.2 15.9 99.00 99.00 99.00 999 1000.3  00.3 999.0 999.0 99.0
94 01 08 17 302 09.1 10.4 99.00 99.00 99.00 999 1001.0 -03.3 999.0 999.0 99.0
94 01 08 18 301 05.3 06.1 99.00 99.00 99.00 999 1001.4 -05.0 999.0 999.0 99.0
94 01 08 19 296 04.8 05.7 99.00 99.00 99.00 999 1002.3 -05.0 999.0 999.0 99.0
94 01 08 20 290 04.7 05.3 99.00 99.00 99.00 999 1004.1 -04.0 999.0 999.0 99.0
94 01 08 21 265 07.0 08.4 99.00 99.00 99.00 999 1005.6 -02.9 999.0 999.0 99.0
94 01 08 22 259 09.3 10.4 99.00 99.00 99.00 999 1006.8 -02.2 999.0 999.0 99.0
94 01 08 23 269 12.4 13.8 99.00 99.00 99.00 999 1008.1 -02.4 999.0 999.0 99.0
94 01 09 00 270 14.9 16.6 99.00 99.00 99.00 999 9999.0 -03.1 999.0 999.0 99.0
94 01 09 01 266 14.3 16.2 99.00 99.00 99.00 999 9999.0 -03.4 999.0 999.0 99.0
94 01 09 02 270 13.1 15.6 99.00 99.00 99.00 999 9999.0 -03.9 999.0 999.0 99.0
94 01 09 03 274 11.8 13.3 99.00 99.00 99.00 999 9999.0 -04.3 999.0 999.0 99.0
94 01 09 04 258 12.2 99.0 99.00 99.00 99.00 999 9999.0 -04.0 999.0 999.0 99.0
94 01 09 05 263 14.6 16.2 99.00 99.00 99.00 999 9999.0 -04.6 999.0 999.0 99.0
94 01 09 06 268 15.5 17.6 99.00 99.00 99.00 999 9999.0 -05.1 999.0 999.0 99.0
94 01 09 07 264 14.3 15.9 99.00 99.00 99.00 999 9999.0 -05.3 999.0 999.0 99.0
94 01 09 08 252 14.9 16.8 99.00 99.00 99.00 999 9999.0 -06.2 999.0 999.0 99.0
94 01 09 09 258 15.2 17.4 99.00 99.00 99.00 999 9999.0 -07.0 999.0 999.0 99.0
94 02 01 17 105 01.4 01.9 99.00 99.00 99.00 999 1021.6 -04.7 999.0 999.0 99.0
94 02 01 18 167 00.9 01.3 99.00 99.00 99.00 999 1020.9 -04.6 999.0 999.0 99.0
94 02 01 19 194 02.5 03.3 99.00 99.00 99.00 999 1020.7 -04.8 999.0 999.0 99.0
94 02 01 20 180 03.5 04.1 99.00 99.00 99.00 999 1020.7 -04.7 999.0 999.0 99.0
94 02 01 21 158 02.2 02.6 99.00 99.00 99.00 999 1020.7 -04.6 999.0 999.0 99.0
94 02 01 22 174 01.4 01.7 99.00 99.00 99.00 999 1020.9 -04.4 999.0 999.0 99.0
94 02 01 23 254 02.7 03.0 99.00 99.00 99.00 999 1021.7 -05.1 999.0 999.0 99.0
94 02 02 00 999 99.0 99.0 99.00 99.00 99.00 999 1021.9 -05.0 999.0 999.0 99.0
94 02 02 01 295 04.4 05.6 99.00 99.00 99.00 999 1022.9 -04.2 999.0 999.0 99.0
94 02 02 02 293 05.5 06.4 99.00 99.00 99.00 999 1023.5 -04.6 999.0 999.0 99.0
94 02 02 03 305 08.2 09.2 99.00 99.00 99.00 999 1024.1 -05.6 999.0 999.0 99.0
94 02 02 04 305 07.4 08.8 99.00 99.00 99.00 999 1024.8 -06.2 999.0 999.0 99.0
94 02 02 05 320 05.2 05.9 99.00 99.00 99.00 999 1025.1 -06.7 999.0 999.0 99.0
94 02 02 06 317 03.8 04.9 99.00 99.00 99.00 999 1025.6 -06.9 999.0 999.0 99.0
94 02 02 07 317 03.2 03.8 99.00 99.00 99.00 999 1025.8 -07.1 999.0 999.0 99.0
94 02 02 08 320 02.6 03.5 99.00 99.00 99.00 999 1025.7 -07.2 999.0 999.0 99.0
94 02 02 09 018 02.5 03.3 99.00 99.00 99.00 999 1025.0 -07.3 999.0 999.0 99.0
94 02 02 10 027 02.5 03.2 99.00 99.00 99.00 999 1025.4 -07.3 999.0 999.0 99.0
94 02 02 11 030 01.7 02.0 99.00 99.00 99.00 999 1026.6 -07.1 999.0 999.0 99.0
94 02 02 12 083 02.0 02.6 99.00 99.00 99.00 999 1027.6 -06.6 999.0 999.0 99.0
94 02 02 13 058 01.2 01.7 99.00 99.00 99.00 999 1027.7 -05.4 999.0 999.0 99.0
94 02 02 14 031 02.4 02.8 99.00 99.00 99.00 999 1027.4 -02.9 999.0 999.0 99.0
94 02 02 15 021 04.4 05.3 99.00 99.00 99.00 999 1026.1 -04.3 999.0 999.0 99.0
94 02 02 16 051 05.1 06.0 99.00 99.00 99.00 999 1025.4 -04.7 999.0 999.0 99.0
94 02 02 17 064 04.5 05.9 99.00 99.00 99.00 999 1024.7 -04.7 999.0 999.0 99.0
94 02 02 18 077 02.8 03.3 99.00 99.00 99.00 999 1023.5 -04.2 999.0 999.0 99.0
94 02 02 19 108 04.4 05.0 99.00 99.00 99.00 999 1023.1 -04.1 999.0 999.0 99.0
94 02 02 20 095 02.7 03.2 99.00 99.00 99.00 999 1022.3 -04.2 999.0 999.0 99.0
94 02 02 21 025 03.0 03.4 99.00 99.00 99.00 999 1021.0 -03.7 999.0 999.0 99.0
94 02 02 22 054 04.0 04.6 99.00 99.00 99.00 999 1020.5 -03.8 999.0 999.0 99.0
94 02 02 23 082 04.0 04.5 99.00 99.00 99.00 999 1020.5 -03.9 999.0 999.0 99.0
94 02 03 00 111 04.4 05.0 99.00 99.00 99.00 999 1020.2 -04.2 999.0 999.0 99.0
94 02 03 01 106 03.4 04.1 99.00 99.00 99.00 999 1020.4 -04.3 999.0 999.0 99.0
94 02 03 02 112 03.2 04.0 99.00 99.00 99.00 999 1019.6 -04.5 999.0 999.0 99.0
94 02 03 03 114 02.2 02.6 99.00 99.00 99.00 999 1019.2 -04.5 999.0 999.0 99.0
94 02 03 04 090 02.5 03.1 99.00 99.00 99.00 999 1018.6 -04.3 999.0 999.0 99.0
94 02 03 05 178 02.3 02.7 99.00 99.00 99.00 999 1018.2 -04.3 999.0 999.0 99.0
94 02 03 06 265 08.5 09.2 99.00 99.00 99.00 999 1017.6 -04.5 999.0 999.0 99.0
94 02 03 07 271 08.1 09.3 99.00 99.00 99.00 999 1017.6 -04.8 999.0 999.0 99.0
94 02 03 08 267 09.9 10.7 99.00 99.00 99.00 999 1017.6 -05.0 999.0 999.0 99.0
94 02 03 09 268 09.8 11.5 99.00 99.00 99.00 999 1017.5 -05.3 999.0 999.0 99.0
94 02 03 10 258 09.7 11.0 99.00 99.00 99.00 999 1017.8 -05.2 999.0 999.0 99.0
94 02 03 11 255 08.7 10.3 99.00 99.00 99.00 999 1017.8 -05.5 999.0 999.0 99.0
94 02 03 12 249 06.9 08.3 99.00 99.00 99.00 999 1017.5 -05.0 999.0 999.0 99.0
94 02 03 13 239 06.9 07.7 99.00 99.00 99.00 999 1017.8 -04.2 999.0 999.0 99.0
94 02 03 14 228 09.7 10.8 99.00 99.00 99.00 999 1017.7 -03.5 999.0 999.0 99.0
94 02 03 15 200 10.6 11.3 99.00 99.00 99.00 999 1016.9 -01.7 999.0 999.0 99.0
94 02 03 16 205 11.2 13.8 99.00 99.00 99.00 999 1016.1  00.2 999.0 999.0 99.0
94 02 03 17 206 12.1 14.0 99.00 99.00 99.00 999 1014.1  01.4 999.0 999.0 99.0
94 02 03 18 214 12.5 13.6 99.00 99.00 99.00 999 1012.5  01.9 999.0 999.0 99.0
94 02 03 19 236 17.0 18.8 99.00 99.00 99.00 999 1011.8  01.7 999.0 999.0 99.0
94 02 03 20 237 11.2 12.8 99.00 99.00 99.00 999 1012.4 -00.4 999.0 999.0 99.0
94 02 03 21 242 13.3 15.8 99.00 99.00 99.00 999 1012.6  00.7 999.0 999.0 99.0
94 02 03 22 248 14.4 16.0 99.00 99.00 99.00 999 1013.7  00.4 999.0 999.0 99.0
94 02 03 23 263 15.4 17.9 99.00 99.00 99.00 999 1015.2 -01.4 999.0 999.0 99.0
94 02 04 00 278 14.8 16.5 99.00 99.00 99.00 999 1017.5 -01.8 999.0 999.0 99.0
94 02 04 01 294 11.0 12.2 99.00 99.00 99.00 999 1019.4 -02.6 999.0 999.0 99.0
94 02 04 02 289 11.7 12.6 99.00 99.00 99.00 999 1021.2 -03.4 999.0 999.0 99.0
94 02 04 03 285 08.3 10.3 99.00 99.00 99.00 999 1022.7 -03.9 999.0 999.0 99.0
94 02 04 04 286 07.6 09.1 99.00 99.00 99.00 999 1023.4 -04.3 999.0 999.0 99.0
94 02 04 05 274 05.7 06.9 99.00 99.00 99.00 999 1024.0 -04.5 999.0 999.0 99.0
94 02 04 06 272 05.1 06.7 99.00 99.00 99.00 999 1023.9 -04.4 999.0 999.0 99.0
94 02 04 07 267 06.6 08.2 99.00 99.00 99.00 999 1024.0 -03.8 999.0 999.0 99.0
94 02 04 08 261 08.6 10.2 99.00 99.00 99.00 999 1024.0 -03.7 999.0 999.0 99.0
94 02 04 09 258 09.9 10.9 99.00 99.00 99.00 999 1024.4 -03.5 999.0 999.0 99.0
94 02 04 10 254 12.9 13.6 99.00 99.00 99.00 999 1024.8 -04.3 999.0 999.0 99.0
94 02 04 11 256 12.2 14.0 99.00 99.00 99.00 999 1025.4 -04.9 999.0 999.0 99.0
94 02 04 12 258 09.9 10.9 99.00 99.00 99.00 999 1026.2 -05.1 999.0 999.0 99.0
94 02 04 13 266 08.1 09.4 99.00 99.00 99.00 999 1027.2 -05.2 999.0 999.0 99.0
94 02 04 14 263 10.7 11.8 99.00 99.00 99.00 999 1027.4 -05.1 999.0 999.0 99.0
94 02 04 15 253 09.3 10.1 99.00 99.00 99.00 999 1027.2 -05.1 999.0 999.0 99.0
94 02 04 16 245 09.9 10.7 99.00 99.00 99.00 999 1027.0 -04.4 999.0 999.0 99.0
94 02 04 17 241 08.6 09.5 99.00 99.00 99.00 999 1025.6 -03.5 999.0 999.0 99.0
94 02 04 18 236 08.7 10.2 99.00 99.00 99.00 999 1024.7 -02.5 999.0 999.0 99.0
94 02 04 19 231 11.6 13.5 99.00 99.00 99.00 999 1024.3 -02.1 999.0 999.0 99.0
94 02 04 20 211 08.2 10.3 99.00 99.00 99.00 999 1023.3 -01.6 999.0 999.0 99.0
94 02 04 21 208 09.4 10.9 99.00 99.00 99.00 999 1022.8 -00.5 999.0 999.0 99.0
94 02 04 22 191 08.4 09.8 99.00 99.00 99.00 999 1021.9  00.6 999.0 999.0 99.0
94 02 04 23 177 10.2 11.1 99.00 99.00 99.00 999 1021.0  01.1 999.0 999.0 99.0
94 02 05 00 180 10.8 11.7 99.00 99.00 99.00 999 1020.0  01.9 999.0 999.0 99.0
94 02 05 01 183 09.7 10.7 99.00 99.00 99.00 999 1019.7  02.4 999.0 999.0 99.0
94 02 05 02 186 10.1 11.0 99.00 99.00 99.00 999 1019.2  03.1 999.0 999.0 99.0
94 02 05 03 194 08.7 09.7 99.00 99.00 99.00 999 1019.0  03.4 999.0 999.0 99.0
94 02 05 04 200 11.1 11.8 99.00 99.00 99.00 999 1018.4  04.0 999.0 999.0 99.0
94 02 05 05 195 09.7 10.6 99.00 99.00 99.00 999 1017.8  04.0 999.0 999.0 99.0
94 02 05 06 198 09.4 10.0 99.00 99.00 99.00 999 1017.1  04.0 999.0 999.0 99.0
94 02 05 07 212 08.3 08.9 99.00 99.00 99.00 999 1016.7  04.5 999.0 999.0 99.0
94 02 05 08 236 04.7 05.1 99.00 99.00 99.00 999 1015.9  03.5 999.0 999.0 99.0
94 02 05 09 256 02.3 02.5 99.00 99.00 99.00 999 1016.2  02.7 999.0 999.0 99.0
94 02 05 10 199 03.3 03.5 99.00 99.00 99.00 999 1016.0  02.4 999.0 999.0 99.0
94 02 05 11 180 04.3 04.5 99.00 99.00 99.00 999 1015.6  02.4 999.0 999.0 99.0
94 02 05 12 180 05.1 05.3 99.00 99.00 99.00 999 1015.4  02.5 999.0 999.0 99.0
94 02 05 13 182 06.1 06.3 99.00 99.00 99.00 999 1015.5  03.2 999.0 999.0 99.0
94 02 05 14 174 07.4 07.6 99.00 99.00 99.00 999 1015.2  03.3 999.0 999.0 99.0
94 02 05 15 183 06.2 06.5 99.00 99.00 99.00 999 1014.7  03.4 999.0 999.0 99.0
94 02 05 16 191 04.7 04.9 99.00 99.00 99.00 999 1013.6  03.6 999.0 999.0 99.0
94 02 05 17 197 05.6 06.0 99.00 99.00 99.00 999 1012.0  03.5 999.0 999.0 99.0
94 02 05 18 220 05.7 05.8 99.00 99.00 99.00 999 1011.2  03.0 999.0 999.0 99.0
94 02 05 19 211 04.8 05.0 99.00 99.00 99.00 999 1010.0  02.9 999.0 999.0 99.0
94 02 05 20 207 05.1 05.3 99.00 99.00 99.00 999 1009.6  03.0 999.0 999.0 99.0
94 02 05 21 198 06.3 06.6 99.00 99.00 99.00 999 1009.0  03.8 999.0 999.0 99.0
94 02 05 22 213 03.4 03.6 99.00 99.00 99.00 999 1008.7  03.2 999.0 999.0 99.0
94 02 05 23 208 04.7 04.8 99.00 99.00 99.00 999 1008.3  03.4 999.0 999.0 99.0
94 02 06 00 239 04.4 04.6 99.00 99.00 99.00 999 1008.0  02.9 999.0 999.0 99.0
94 02 06 07 273 08.0 08.5 99.00 99.00 99.00 999 1009.6  02.1 999.0 999.0 99.0
94 02 06 08 298 07.3 08.0 99.00 99.00 99.00 999 1010.4  01.5 999.0 999.0 99.0
94 02 06 09 308 08.1 08.8 99.00 99.00 99.00 999 1011.5  00.6 999.0 999.0 99.0
94 02 06 10 303 08.3 10.4 99.00 99.00 99.00 999 1012.8 -00.1 999.0 999.0 99.0
94 02 06 11 295 08.0 09.6 99.00 99.00 99.00 999 1014.0 -00.5 999.0 999.0 99.0
94 02 06 12 293 07.3 08.2 99.00 99.00 99.00 999 1015.1 -00.9 999.0 999.0 99.0
94 02 06 13 290 05.1 06.6 99.00 99.00 99.00 999 1016.2 -00.1 999.0 999.0 99.0
94 02 06 14 294 07.1 08.6 99.00 99.00 99.00 999 1016.8  00.9 999.0 999.0 99.0
94 02 06 15 290 05.4 05.9 99.00 99.00 99.00 999 1017.4  01.5 999.0 999.0 99.0
94 02 06 16 271 04.8 05.6 99.00 99.00 99.00 999 1017.3  01.2 999.0 999.0 99.0
94 02 06 17 220 03.9 04.5 99.00 99.00 99.00 999 1016.6 -00.1 999.0 999.0 99.0
94 02 06 18 195 03.3 03.6 99.00 99.00 99.00 999 1016.1  00.0 999.0 999.0 99.0
94 02 06 19 209 03.3 03.9 99.00 99.00 99.00 999 1015.6  00.7 999.0 999.0 99.0
94 02 06 20 218 05.7 06.0 99.00 99.00 99.00 999 1015.8  00.9 999.0 999.0 99.0
94 02 06 21 224 07.2 07.7 99.00 99.00 99.00 999 1016.1  01.2 999.0 999.0 99.0
94 02 06 22 208 09.6 10.3 99.00 99.00 99.00 999 1016.2  01.2 999.0 999.0 99.0
94 02 06 23 205 08.6 09.2 99.00 99.00 99.00 999 1016.2  01.4 999.0 999.0 99.0
94 02 07 00 212 07.6 08.1 99.00 99.00 99.00 999 1016.2  01.6 999.0 999.0 99.0
94 02 07 01 224 05.4 06.0 99.00 99.00 99.00 999 1016.5  01.5 999.0 999.0 99.0
94 02 07 02 224 06.9 07.5 99.00 99.00 99.00 999 1016.5  01.7 999.0 999.0 99.0
94 02 07 03 222 05.7 06.4 99.00 99.00 99.00 999 1016.5  01.7 999.0 999.0 99.0
94 02 07 04 207 07.7 08.6 99.00 99.00 99.00 999 1016.1  02.2 999.0 999.0 99.0
94 02 07 05 208 09.6 10.2 99.00 99.00 99.00 999 1015.8  02.6 999.0 999.0 99.0
94 02 07 06 214 10.1 10.8 99.00 99.00 99.00 999 1015.4  02.5 999.0 999.0 99.0
94 02 07 07 217 09.4 09.9 99.00 99.00 99.00 999 1015.1  02.3 999.0 999.0 99.0
94 02 07 08 224 08.6 09.2 99.00 99.00 99.00 999 1014.9  02.1 999.0 999.0 99.0
94 02 07 09 223 09.9 10.8 99.00 99.00 99.00 999 1014.6  02.1 999.0 999.0 99.0
94 02 07 10 224 09.1 09.6 99.00 99.00 99.00 999 1014.9  02.1 999.0 999.0 99.0
94 02 07 11 237 08.1 09.3 99.00 99.00 99.00 999 1015.3  02.0 999.0 999.0 99.0
94 02 07 12 237 07.8 08.5 99.00 99.00 99.00 999 1015.8  01.8 999.0 999.0 99.0
94 02 07 13 248 07.0 07.7 99.00 99.00 99.00 999 1016.5  01.7 999.0 999.0 99.0
94 02 07 14 265 06.3 06.9 99.00 99.00 99.00 999 1016.8  01.4 999.0 999.0 99.0
94 02 07 15 284 05.7 06.1 99.00 99.00 99.00 999 1016.9  02.9 999.0 999.0 99.0
94 02 07 16 271 04.4 04.5 99.00 99.00 99.00 999 1017.0  02.9 999.0 999.0 99.0
94 02 07 17 251 05.3 05.6 99.00 99.00 99.00 999 1016.5  02.1 999.0 999.0 99.0
94 02 07 18 222 07.0 07.2 99.00 99.00 99.00 999 1015.7  02.2 999.0 999.0 99.0
94 02 07 19 229 07.6 08.7 99.00 99.00 99.00 999 1016.0  02.3 999.0 999.0 99.0
94 02 07 20 247 08.6 09.3 99.00 99.00 99.00 999 1016.7  02.2 999.0 999.0 99.0
94 02 07 21 279 04.9 05.7 99.00 99.00 99.00 999 1017.2  02.6 999.0 999.0 99.0
94 02 07 22 290 08.4 09.4 99.00 99.00 99.00 999 1018.5  02.3 999.0 999.0 99.0
94 02 07 23 309 10.9 12.3 99.00 99.00 99.00 999 1020.5  00.7 999.0 999.0 99.0
94 02 08 00 308 11.3 12.5 99.00 99.00 99.00 999 1021.7 -01.5 999.0 999.0 99.0
94 02 08 01 303 10.0 11.0 99.00 99.00 99.00 999 1023.3 -02.9 999.0 999.0 99.0
94 02 08 02 300 11.3 12.9 99.00 99.00 99.00 999 1024.6 -03.6 999.0 999.0 99.0
94 02 08 03 309 12.8 14.9 99.00 99.00 99.00 999 1025.6 -04.5 999.0 999.0 99.0
94 02 08 04 305 11.2 12.4 99.00 99.00 99.00 999 1025.9 -05.7 999.0 999.0 99.0
94 02 08 05 316 09.6 11.1 99.00 99.00 99.00 999 1026.3 -06.5 999.0 999.0 99.0
94 02 08 06 311 07.6 08.8 99.00 99.00 99.00 999 1027.0 -07.2 999.0 999.0 99.0
94 02 08 07 319 07.6 08.6 99.00 99.00 99.00 999 1027.0 -07.5 999.0 999.0 99.0
94 02 08 08 331 07.6 09.0 99.00 99.00 99.00 999 1027.0 -07.6 999.0 999.0 99.0
94 02 08 09 327 07.0 08.0 99.00 99.00 99.00 999 1027.3 -07.8 999.0 999.0 99.0
94 02 08 10 338 05.1 06.1 99.00 99.00 99.00 999 1028.3 -07.7 999.0 999.0 99.0
94 02 08 11 002 04.4 05.5 99.00 99.00 99.00 999 1028.3 -08.2 999.0 999.0 99.0
94 02 08 12 352 04.3 05.8 99.00 99.00 99.00 999 1028.3 -08.2 999.0 999.0 99.0
94 02 08 13 004 05.1 06.1 99.00 99.00 99.00 999 1028.5 -08.2 999.0 999.0 99.0
94 02 08 14 018 06.9 09.0 99.00 99.00 99.00 999 1028.2 -07.8 999.0 999.0 99.0
94 02 08 15 004 07.4 08.4 99.00 99.00 99.00 999 1028.2 -07.9 999.0 999.0 99.0
94 02 08 16 012 06.5 07.8 99.00 99.00 99.00 999 1028.4 -09.1 999.0 999.0 99.0
94 02 08 17 024 06.6 08.2 99.00 99.00 99.00 999 1027.2 -09.5 999.0 999.0 99.0
94 02 08 18 021 09.5 10.8 99.00 99.00 99.00 999 1025.6 -09.2 999.0 999.0 99.0
94 02 08 19 021 09.7 10.6 99.00 99.00 99.00 999 1023.9 -09.1 999.0 999.0 99.0
94 02 08 20 016 10.6 12.0 99.00 99.00 99.00 999 1023.2 -08.9 999.0 999.0 99.0
94 02 08 21 012 10.9 12.8 99.00 99.00 99.00 999 1022.5 -09.2 999.0 999.0 99.0
94 02 08 22 008 11.9 13.3 99.00 99.00 99.00 999 1021.9 -09.2 999.0 999.0 99.0
94 02 08 23 013 11.8 12.7 99.00 99.00 99.00 999 1020.6 -08.8 999.0 999.0 99.0
94 02 09 00 012 11.7 13.2 99.00 99.00 99.00 999 1019.7 -08.0 999.0 999.0 99.0
94 02 09 01 011 11.4 12.8 99.00 99.00 99.00 999 1018.6 -07.0 999.0 999.0 99.0
94 02 09 02 015 11.1 12.9 99.00 99.00 99.00 999 1016.8 -06.3 999.0 999.0 99.0
94 02 09 03 013 10.9 11.8 99.00 99.00 99.00 999 1015.7 -05.5 999.0 999.0 99.0
94 02 09 04 040 13.8 15.1 99.00 99.00 99.00 999 1013.7 -04.1 999.0 999.0 99.0
94 02 09 05 034 12.2 13.7 99.00 99.00 99.00 999 1012.7 -03.7 999.0 999.0 99.0
94 02 09 06 040 13.5 14.4 99.00 99.00 99.00 999 1011.0 -03.6 999.0 999.0 99.0
94 02 09 07 041 13.1 15.0 99.00 99.00 99.00 999 1009.4 -03.3 999.0 999.0 99.0
94 02 09 08 029 11.1 12.7 99.00 99.00 99.00 999 1009.2 -03.3 999.0 999.0 99.0
94 02 09 09 028 13.1 14.4 99.00 99.00 99.00 999 1007.9 -03.2 999.0 999.0 99.0
94 02 09 10 030 14.3 16.9 99.00 99.00 99.00 999 1006.9 -03.1 999.0 999.0 99.0
94 02 09 11 024 15.0 16.2 99.00 99.00 99.00 999 1007.2 -03.2 999.0 999.0 99.0
94 02 09 12 023 13.8 15.4 99.00 99.00 99.00 999 1008.3 -03.2 999.0 999.0 99.0
94 02 09 13 039 12.2 13.7 99.00 99.00 99.00 999 1009.0 -03.2 999.0 999.0 99.0
94 02 09 14 039 11.8 13.0 99.00 99.00 99.00 999 1009.1 -03.5 999.0 999.0 99.0
94 02 09 15 030 12.5 13.5 99.00 99.00 99.00 999 1009.2 -03.4 999.0 999.0 99.0
94 02 09 16 036 12.4 13.5 99.00 99.00 99.00 999 1008.8 -02.9 999.0 999.0 99.0
94 02 09 17 042 11.2 12.0 99.00 99.00 99.00 999 1008.1 -02.8 999.0 999.0 99.0
94 02 09 18 041 09.4 10.8 99.00 99.00 99.00 999 1007.9 -02.8 999.0 999.0 99.0
94 02 09 19 037 08.0 09.0 99.00 99.00 99.00 999 1008.0 -03.2 999.0 999.0 99.0
94 02 09 20 038 07.6 08.6 99.00 99.00 99.00 999 1007.7 -03.0 999.0 999.0 99.0
94 02 09 21 347 06.3 07.9 99.00 99.00 99.00 999 1007.8 -05.5 999.0 999.0 99.0
94 02 09 22 331 07.4 08.4 99.00 99.00 99.00 999 1008.4 -06.9 999.0 999.0 99.0
94 02 09 23 335 08.3 09.9 99.00 99.00 99.00 999 1009.3 -07.7 999.0 999.0 99.0
94 02 10 00 335 09.3 10.4 99.00 99.00 99.00 999 1009.1 -08.5 999.0 999.0 99.0
94 02 10 01 334 11.1 13.6 99.00 99.00 99.00 999 1010.4 -08.5 999.0 999.0 99.0
94 02 10 02 336 10.4 11.8 99.00 99.00 99.00 999 1010.8 -09.1 999.0 999.0 99.0
94 02 10 03 332 11.5 13.3 99.00 99.00 99.00 999 1011.9 -09.3 999.0 999.0 99.0
94 02 10 04 322 12.6 14.2 99.00 99.00 99.00 999 1012.9 -09.4 999.0 999.0 99.0
94 02 10 05 325 13.7 16.3 99.00 99.00 99.00 999 1014.4 -09.6 999.0 999.0 99.0
94 02 10 06 322 16.1 18.1 99.00 99.00 99.00 999 1016.0 -09.3 999.0 999.0 99.0
94 02 10 07 325 12.9 14.4 99.00 99.00 99.00 999 1017.8 -08.9 999.0 999.0 99.0
94 02 10 08 329 13.9 15.3 99.00 99.00 99.00 999 1019.3 -09.2 999.0 999.0 99.0
94 02 10 09 316 12.2 14.0 99.00 99.00 99.00 999 1021.3 -09.4 999.0 999.0 99.0
94 02 10 10 320 10.3 12.7 99.00 99.00 99.00 999 1023.1 -09.8 999.0 999.0 99.0
94 02 10 11 326 11.7 14.0 99.00 99.00 99.00 999 1025.1 -10.8 999.0 999.0 99.0
94 02 10 12 325 11.4 13.4 99.00 99.00 99.00 999 1026.6 -11.7 999.0 999.0 99.0
94 02 10 13 329 13.0 14.7 99.00 99.00 99.00 999 1028.1 -12.4 999.0 999.0 99.0
94 02 10 14 348 08.3 10.7 99.00 99.00 99.00 999 1030.1 -12.9 999.0 999.0 99.0
94 02 10 15 327 07.5 09.3 99.00 99.00 99.00 999 1031.2 -12.0 999.0 999.0 99.0
94 02 10 16 325 07.4 09.2 99.00 99.00 99.00 999 1032.1 -10.7 999.0 999.0 99.0
94 02 10 17 340 06.3 07.2 99.00 99.00 99.00 999 1033.0 -09.4 999.0 999.0 99.0
94 02 10 18 331 06.9 07.5 99.00 99.00 99.00 999 1033.0 -08.2 999.0 999.0 99.0
94 02 10 19 020 04.9 05.5 99.00 99.00 99.00 999 1033.3 -07.8 999.0 999.0 99.0
94 02 10 20 007 05.1 06.3 99.00 99.00 99.00 999 1033.7 -08.0 999.0 999.0 99.0
94 02 10 21 028 05.8 06.7 99.00 99.00 99.00 999 1034.0 -07.7 999.0 999.0 99.0
94 02 10 22 013 06.3 08.0 99.00 99.00 99.00 999 1034.0 -07.8 999.0 999.0 99.0
94 02 10 23 360 05.6 06.3 99.00 99.00 99.00 999 1035.7 -08.0 999.0 999.0 99.0
94 02 11 01 023 04.7 05.5 99.00 99.00 99.00 999 1036.5 -08.5 999.0 999.0 99.0
94 02 11 02 033 05.3 06.3 99.00 99.00 99.00 999 1036.0 -08.3 999.0 999.0 99.0
94 02 11 03 019 05.1 06.6 99.00 99.00 99.00 999 1036.4 -08.1 999.0 999.0 99.0
94 02 11 04 040 04.1 06.1 99.00 99.00 99.00 999 1036.7 -07.8 999.0 999.0 99.0
94 02 11 05 028 05.1 05.9 99.00 99.00 99.00 999 1036.3 -07.7 999.0 999.0 99.0
94 02 11 06 012 04.8 05.7 99.00 99.00 99.00 999 1036.4 -07.7 999.0 999.0 99.0
94 02 11 07 004 06.3 07.2 99.00 99.00 99.00 999 1036.1 -08.4 999.0 999.0 99.0
94 02 11 08 010 07.0 08.0 99.00 99.00 99.00 999 1035.6 -08.7 999.0 999.0 99.0
94 02 11 09 013 07.6 08.5 99.00 99.00 99.00 999 1034.9 -08.1 999.0 999.0 99.0
94 02 11 10 023 08.7 09.6 99.00 99.00 99.00 999 1034.4 -07.3 999.0 999.0 99.0
94 02 11 11 021 11.3 12.4 99.00 99.00 99.00 999 1033.1 -07.0 999.0 999.0 99.0
94 02 11 12 028 09.5 10.9 99.00 99.00 99.00 999 1033.7 -06.8 999.0 999.0 99.0
94 02 11 13 026 09.6 11.1 99.00 99.00 99.00 999 1033.3 -06.4 999.0 999.0 99.0
94 02 11 14 027 09.3 09.9 99.00 99.00 99.00 999 1032.5 -06.0 999.0 999.0 99.0
94 02 11 15 033 09.9 11.0 99.00 99.00 99.00 999 1031.3 -04.9 999.0 999.0 99.0
94 02 11 16 038 10.1 11.1 99.00 99.00 99.00 999 1029.8 -03.8 999.0 999.0 99.0
94 02 11 17 040 12.5 13.2 99.00 99.00 99.00 999 1027.7 -03.3 999.0 999.0 99.0
94 02 11 18 042 14.3 15.4 99.00 99.00 99.00 999 1025.6 -03.2 999.0 999.0 99.0
94 02 11 19 025 10.4 11.4 99.00 99.00 99.00 999 1025.9 -03.1 999.0 999.0 99.0
94 02 11 20 035 12.2 13.6 99.00 99.00 99.00 999 1025.0 -02.9 999.0 999.0 99.0
94 02 11 21 030 13.2 15.3 99.00 99.00 99.00 999 1024.0 -02.6 999.0 999.0 99.0
94 02 11 22 036 14.4 16.2 99.00 99.00 99.00 999 1022.5 -02.2 999.0 999.0 99.0
94 02 11 23 026 13.8 15.7 99.00 99.00 99.00 999 1021.5 -02.1 999.0 999.0 99.0
94 02 12 00 012 14.3 15.8 99.00 99.00 99.00 999 1021.6 -01.8 999.0 999.0 99.0
94 02 12 01 026 15.1 16.7 99.00 99.00 99.00 999 1019.6 -01.5 999.0 999.0 99.0
94 02 12 02 018 15.1 16.6 99.00 99.00 99.00 999 1020.4 -01.2 999.0 999.0 99.0
94 02 12 03 012 14.0 14.9 99.00 99.00 99.00 999 1020.9 -01.1 999.0 999.0 99.0
94 02 12 04 014 15.9 17.4 99.00 99.00 99.00 999 1019.7 -01.1 999.0 999.0 99.0
94 02 12 05 003 13.8 16.5 99.00 99.00 99.00 999 1020.1 -01.0 999.0 999.0 99.0
94 02 12 06 330 11.4 12.8 99.00 99.00 99.00 999 1021.3 -02.5 999.0 999.0 99.0
94 02 12 07 345 09.6 11.2 99.00 99.00 99.00 999 1022.0 -04.3 999.0 999.0 99.0
94 02 12 08 349 10.8 11.9 99.00 99.00 99.00 999 1021.9 -04.5 999.0 999.0 99.0
94 02 12 09 345 10.4 11.3 99.00 99.00 99.00 999 1022.9 -04.4 999.0 999.0 99.0
94 02 12 10 345 10.5 11.8 99.00 99.00 99.00 999 1023.7 -04.1 999.0 999.0 99.0
94 02 12 11 347 10.1 11.6 99.00 99.00 99.00 999 1025.2 -03.8 999.0 999.0 99.0
94 02 12 12 350 09.0 10.0 99.00 99.00 99.00 999 1026.0 -03.3 999.0 999.0 99.0
94 02 12 13 013 10.0 11.3 99.00 99.00 99.00 999 1026.9 -02.4 999.0 999.0 99.0
94 02 12 14 019 11.6 13.1 99.00 99.00 99.00 999 1027.2 -01.3 999.0 999.0 99.0
94 02 12 15 023 12.0 13.5 99.00 99.00 99.00 999 1027.6 -00.4 999.0 999.0 99.0
94 02 12 16 032 12.5 14.1 99.00 99.00 99.00 999 1027.9 -00.1 999.0 999.0 99.0
94 02 12 17 025 11.1 12.2 99.00 99.00 99.00 999 1027.7 -00.3 999.0 999.0 99.0
94 02 12 18 020 10.6 11.5 99.00 99.00 99.00 999 1026.6 -00.4 999.0 999.0 99.0
94 02 12 19 016 09.3 09.9 99.00 99.00 99.00 999 1027.4 -00.7 999.0 999.0 99.0
94 02 12 20 022 09.3 09.8 99.00 99.00 99.00 999 1027.2 -00.3 999.0 999.0 99.0
94 02 12 21 022 09.2 10.0 99.00 99.00 99.00 999 1027.0 -00.8 999.0 999.0 99.0
94 02 12 22 015 09.2 10.3 99.00 99.00 99.00 999 1026.6 -01.0 999.0 999.0 99.0
94 02 12 23 012 08.7 09.8 99.00 99.00 99.00 999 1026.6 -01.2 999.0 999.0 99.0
94 02 13 00 016 09.8 10.7 99.00 99.00 99.00 999 1025.5 -01.6 999.0 999.0 99.0
94 02 13 01 006 10.1 11.3 99.00 99.00 99.00 999 1024.9 -01.6 999.0 999.0 99.0
94 02 13 02 023 07.7 08.4 99.00 99.00 99.00 999 1024.9 -01.6 999.0 999.0 99.0
94 02 13 03 032 07.3 08.2 99.00 99.00 99.00 999 1024.2 -01.0 999.0 999.0 99.0
94 02 13 04 028 07.9 09.0 99.00 99.00 99.00 999 1022.7 -01.2 999.0 999.0 99.0
94 02 13 05 999 99.0 99.0 99.00 99.00 99.00 999 1021.9 -01.5 999.0 999.0 99.0
94 02 13 06 999 99.0 99.0 99.00 99.00 99.00 999 1021.3 -01.5 999.0 999.0 99.0
94 02 13 07 999 99.0 99.0 99.00 99.00 99.00 999 1020.4 -01.3 999.0 999.0 99.0
94 02 13 08 999 99.0 99.0 99.00 99.00 99.00 999 1018.8 -01.2 999.0 999.0 99.0
94 02 13 09 999 99.0 99.0 99.00 99.00 99.00 999 1018.0 -01.2 999.0 999.0 99.0
94 02 13 10 999 99.0 99.0 99.00 99.00 99.00 999 1017.0 -00.9 999.0 999.0 99.0
94 02 13 11 999 99.0 99.0 99.00 99.00 99.00 999 1015.2 -00.8 999.0 999.0 99.0
94 02 13 12 999 99.0 99.0 99.00 99.00 99.00 999 1014.4 -00.7 999.0 999.0 99.0
94 02 13 13 999 99.0 99.0 99.00 99.00 99.00 999 1013.7 -00.7 999.0 999.0 99.0
94 02 13 14 999 99.0 99.0 99.00 99.00 99.00 999 1012.8 -00.6 999.0 999.0 99.0
94 02 13 15 999 99.0 99.0 99.00 99.00 99.00 999 1012.5 -00.3 999.0 999.0 99.0
94 02 13 16 999 99.0 99.0 99.00 99.00 99.00 999 1011.8 -00.6 999.0 999.0 99.0
94 02 13 17 999 99.0 99.0 99.00 99.00 99.00 999 1010.2 -00.8 999.0 999.0 99.0
94 02 13 18 999 99.0 99.0 99.00 99.00 99.00 999 1009.3 -00.5 999.0 999.0 99.0
94 02 13 19 999 99.0 99.0 99.00 99.00 99.00 999 1008.5 -00.3 999.0 999.0 99.0
94 02 13 20 999 99.0 99.0 99.00 99.00 99.00 999 1007.3 -00.2 999.0 999.0 99.0
94 02 13 21 999 99.0 99.0 99.00 99.00 99.00 999 1007.0 -00.2 999.0 999.0 99.0
94 02 13 22 999 99.0 99.0 99.00 99.00 99.00 999 1007.1  00.0 999.0 999.0 99.0
94 02 13 23 999 99.0 99.0 99.00 99.00 99.00 999 1007.4  00.0 999.0 999.0 99.0
94 02 14 00 999 99.0 99.0 99.00 99.00 99.00 999 1007.5  00.1 999.0 999.0 99.0
94 02 14 01 999 99.0 99.0 99.00 99.00 99.00 999 1007.9  00.4 999.0 999.0 99.0
94 02 14 02 999 99.0 99.0 99.00 99.00 99.00 999 1008.4  00.6 999.0 999.0 99.0
94 02 14 03 999 99.0 99.0 99.00 99.00 99.00 999 1008.4  00.1 999.0 999.0 99.0
94 02 14 04 280 13.1 14.3 99.00 99.00 99.00 999 1008.4 -01.2 999.0 999.0 99.0
94 02 14 05 289 09.2 10.8 99.00 99.00 99.00 999 1008.8 -01.9 999.0 999.0 99.0
94 02 14 06 280 10.3 12.2 99.00 99.00 99.00 999 1009.0 -02.1 999.0 999.0 99.0
94 02 14 07 283 09.4 10.9 99.00 99.00 99.00 999 1009.2 -02.4 999.0 999.0 99.0
94 02 14 08 279 10.7 12.2 99.00 99.00 99.00 999 1009.0 -02.6 999.0 999.0 99.0
94 02 14 09 279 11.5 13.5 99.00 99.00 99.00 999 1009.5 -02.8 999.0 999.0 99.0
94 02 14 10 272 14.1 16.7 99.00 99.00 99.00 999 1009.6 -03.1 999.0 999.0 99.0
94 02 14 11 272 15.1 17.1 99.00 99.00 99.00 999 1009.6 -03.1 999.0 999.0 99.0
94 02 14 12 254 11.3 12.8 99.00 99.00 99.00 999 1010.4 -03.3 999.0 999.0 99.0
94 02 14 13 261 15.1 16.6 99.00 99.00 99.00 999 1010.6 -03.3 999.0 999.0 99.0
94 02 14 14 281 16.3 19.3 99.00 99.00 99.00 999 1010.6 -04.8 999.0 999.0 99.0
94 02 14 15 279 14.6 17.8 99.00 99.00 99.00 999 1010.3 -04.3 999.0 999.0 99.0
94 02 14 16 274 14.0 15.4 99.00 99.00 99.00 999 1010.7 -05.4 999.0 999.0 99.0
94 02 14 17 278 15.8 17.0 99.00 99.00 99.00 999 1010.4 -05.5 999.0 999.0 99.0
94 02 14 18 290 15.1 16.6 99.00 99.00 99.00 999 1010.7 -05.5 999.0 999.0 99.0
94 02 14 19 277 14.4 18.0 99.00 99.00 99.00 999 1011.3 -05.4 999.0 999.0 99.0
94 02 14 20 288 12.4 14.6 99.00 99.00 99.00 999 1012.5 -05.1 999.0 999.0 99.0
94 02 14 21 281 12.2 14.8 99.00 99.00 99.00 999 1013.8 -04.8 999.0 999.0 99.0
94 02 14 22 286 11.2 13.2 99.00 99.00 99.00 999 1015.3 -04.7 999.0 999.0 99.0
94 02 14 23 287 14.9 17.4 99.00 99.00 99.00 999 1016.5 -05.1 999.0 999.0 99.0
94 02 15 00 277 13.3 15.1 99.00 99.00 99.00 999 1018.2 -05.8 999.0 999.0 99.0
94 02 15 01 284 12.4 14.7 99.00 99.00 99.00 999 1019.3 -06.7 999.0 999.0 99.0
94 02 15 02 279 12.0 14.0 99.00 99.00 99.00 999 1020.4 -06.9 999.0 999.0 99.0
94 02 15 03 280 10.0 11.6 99.00 99.00 99.00 999 1021.3 -07.5 999.0 999.0 99.0
94 02 15 04 279 08.7 10.8 99.00 99.00 99.00 999 1021.9 -08.0 999.0 999.0 99.0
94 02 15 05 268 09.0 10.8 99.00 99.00 99.00 999 1022.7 -07.9 999.0 999.0 99.0
94 02 15 06 274 08.1 09.2 99.00 99.00 99.00 999 1023.1 -08.2 999.0 999.0 99.0
94 02 15 07 275 08.2 10.1 99.00 99.00 99.00 999 1023.7 -08.3 999.0 999.0 99.0
94 02 15 08 288 06.2 07.3 99.00 99.00 99.00 999 1023.5 -08.7 999.0 999.0 99.0
94 02 15 09 284 05.0 06.4 99.00 99.00 99.00 999 1024.2 -08.6 999.0 999.0 99.0
94 02 15 10 280 07.2 08.7 99.00 99.00 99.00 999 1024.4 -08.4 999.0 999.0 99.0
94 02 15 11 280 05.6 06.9 99.00 99.00 99.00 999 1024.7 -08.7 999.0 999.0 99.0
94 02 15 12 298 04.7 05.8 99.00 99.00 99.00 999 1024.4 -08.6 999.0 999.0 99.0
94 02 15 13 304 03.2 03.8 99.00 99.00 99.00 999 1024.7 -07.4 999.0 999.0 99.0
94 02 15 14 338 03.0 03.3 99.00 99.00 99.00 999 1024.3 -05.3 999.0 999.0 99.0
94 02 15 15 008 00.2 00.9 99.00 99.00 99.00 999 1024.2 -03.5 999.0 999.0 99.0
94 02 15 16 135 00.4 01.3 99.00 99.00 99.00 999 1023.9 -05.3 999.0 999.0 99.0
94 02 15 17 131 02.5 03.1 99.00 99.00 99.00 999 1022.9 -05.7 999.0 999.0 99.0
94 02 15 18 130 04.6 05.2 99.00 99.00 99.00 999 1022.1 -05.4 999.0 999.0 99.0
94 02 15 19 136 06.1 06.9 99.00 99.00 99.00 999 1021.2 -04.7 999.0 999.0 99.0
94 02 15 20 137 07.2 08.0 99.00 99.00 99.00 999 1020.3 -04.0 999.0 999.0 99.0
94 02 15 21 126 07.5 08.1 99.00 99.00 99.00 999 1018.9 -03.1 999.0 999.0 99.0
94 02 15 22 122 07.6 08.1 99.00 99.00 99.00 999 1018.2 -02.3 999.0 999.0 99.0
94 02 15 23 105 07.6 08.2 99.00 99.00 99.00 999 1017.6 -01.8 999.0 999.0 99.0
94 02 16 00 086 07.0 07.8 99.00 99.00 99.00 999 1016.6 -01.5 999.0 999.0 99.0
94 02 16 01 079 05.3 06.1 99.00 99.00 99.00 999 1016.5 -01.5 999.0 999.0 99.0
94 02 16 02 027 06.7 07.2 99.00 99.00 99.00 999 1016.1 -01.9 999.0 999.0 99.0
94 02 16 03 014 06.3 06.8 99.00 99.00 99.00 999 1015.9 -02.4 999.0 999.0 99.0
94 02 16 04 038 06.2 06.5 99.00 99.00 99.00 999 1015.1 -02.3 999.0 999.0 99.0
94 02 16 05 045 05.1 05.8 99.00 99.00 99.00 999 1014.7 -02.1 999.0 999.0 99.0
94 02 16 06 323 02.6 02.8 99.00 99.00 99.00 999 1015.1 -02.3 999.0 999.0 99.0
94 02 16 07 316 05.1 05.7 99.00 99.00 99.00 999 1015.7 -03.3 999.0 999.0 99.0
94 02 16 08 316 03.1 03.5 99.00 99.00 99.00 999 1015.5 -03.5 999.0 999.0 99.0
94 02 16 09 303 04.5 04.8 99.00 99.00 99.00 999 1015.9 -03.5 999.0 999.0 99.0
94 02 16 10 275 03.2 03.9 99.00 99.00 99.00 999 1016.8 -03.1 999.0 999.0 99.0
94 02 16 11 260 06.5 08.0 99.00 99.00 99.00 999 1017.3 -01.8 999.0 999.0 99.0
94 02 16 12 264 08.6 09.3 99.00 99.00 99.00 999 1018.0 -01.1 999.0 999.0 99.0
94 02 16 13 269 12.2 13.1 99.00 99.00 99.00 999 1018.6 -00.9 999.0 999.0 99.0
94 02 16 14 267 12.2 13.4 99.00 99.00 99.00 999 1018.8 -01.4 999.0 999.0 99.0
94 02 16 15 283 11.4 13.0 99.00 99.00 99.00 999 1019.4 -00.6 999.0 999.0 99.0
94 02 16 16 290 08.6 09.8 99.00 99.00 99.00 999 1019.8 -00.2 999.0 999.0 99.0
94 02 16 17 280 09.4 10.3 99.00 99.00 99.00 999 1020.1 -00.6 999.0 999.0 99.0
94 02 16 18 296 08.0 09.7 99.00 99.00 99.00 999 1020.7 -00.3 999.0 999.0 99.0
94 02 16 19 312 10.7 11.7 99.00 99.00 99.00 999 1021.3 -00.4 999.0 999.0 99.0
94 02 16 20 298 11.7 12.8 99.00 99.00 99.00 999 1022.1 -00.1 999.0 999.0 99.0
94 02 16 21 322 12.3 13.2 99.00 99.00 99.00 999 1023.0 -00.1 999.0 999.0 99.0
94 02 16 22 315 10.2 11.8 99.00 99.00 99.00 999 1024.3 -00.7 999.0 999.0 99.0
94 02 16 23 318 08.5 09.4 99.00 99.00 99.00 999 1026.0 -01.3 999.0 999.0 99.0
94 02 17 00 318 08.8 09.7 99.00 99.00 99.00 999 1026.9 -01.6 999.0 999.0 99.0
94 02 17 01 311 07.7 08.6 99.00 99.00 99.00 999 1028.1 -01.9 999.0 999.0 99.0
94 02 17 02 322 06.2 07.3 99.00 99.00 99.00 999 1028.9 -02.3 999.0 999.0 99.0
94 02 17 03 320 04.5 05.6 99.00 99.00 99.00 999 1029.4 -02.7 999.0 999.0 99.0
94 02 17 04 329 04.7 06.1 99.00 99.00 99.00 999 1029.9 -03.1 999.0 999.0 99.0
94 02 17 05 344 04.0 04.6 99.00 99.00 99.00 999 1029.8 -03.5 999.0 999.0 99.0
94 02 17 06 337 04.1 05.3 99.00 99.00 99.00 999 1029.9 -04.1 999.0 999.0 99.0
94 02 17 07 318 05.3 06.5 99.00 99.00 99.00 999 1030.5 -04.6 999.0 999.0 99.0
94 02 17 08 320 08.3 09.2 99.00 99.00 99.00 999 1030.7 -04.8 999.0 999.0 99.0
94 02 17 09 340 04.6 05.5 99.00 99.00 99.00 999 1030.9 -05.3 999.0 999.0 99.0
94 02 17 10 319 03.0 03.4 99.00 99.00 99.00 999 1031.5 -05.7 999.0 999.0 99.0
94 02 17 11 301 02.9 03.4 99.00 99.00 99.00 999 1031.7 -05.6 999.0 999.0 99.0
94 02 17 12 300 02.3 02.6 99.00 99.00 99.00 999 1032.1 -05.0 999.0 999.0 99.0
94 02 17 13 269 02.5 03.3 99.00 99.00 99.00 999 1032.3 -03.6 999.0 999.0 99.0
94 02 17 14 185 02.7 03.4 99.00 99.00 99.00 999 1031.5 -03.4 999.0 999.0 99.0
94 02 17 15 199 03.7 04.1 99.00 99.00 99.00 999 1031.9 -03.0 999.0 999.0 99.0
94 02 17 16 221 04.8 05.3 99.00 99.00 99.00 999 1031.7 -02.6 999.0 999.0 99.0
94 02 17 17 220 06.5 07.5 99.00 99.00 99.00 999 1030.9 -02.2 999.0 999.0 99.0
94 02 17 18 215 06.7 07.5 99.00 99.00 99.00 999 1029.7 -01.6 999.0 999.0 99.0
94 02 17 19 216 10.1 11.0 99.00 99.00 99.00 999 1028.7 -01.2 999.0 999.0 99.0
94 02 17 20 212 10.4 11.0 99.00 99.00 99.00 999 1027.8 -00.6 999.0 999.0 99.0
94 02 17 21 215 11.4 12.4 99.00 99.00 99.00 999 1027.2  00.1 999.0 999.0 99.0
94 02 17 22 215 09.6 10.9 99.00 99.00 99.00 999 1027.0  00.4 999.0 999.0 99.0
94 02 17 23 214 09.8 11.1 99.00 99.00 99.00 999 1027.0  00.8 999.0 999.0 99.0
94 02 18 00 229 09.2 10.2 99.00 99.00 99.00 999 1027.5  01.3 999.0 999.0 99.0
94 02 18 01 228 08.7 09.5 99.00 99.00 99.00 999 1027.1  01.2 999.0 999.0 99.0
94 02 18 02 222 08.5 09.4 99.00 99.00 99.00 999 1026.6  01.3 999.0 999.0 99.0
94 02 18 03 222 09.4 10.3 99.00 99.00 99.00 999 1026.2  01.5 999.0 999.0 99.0
94 02 18 04 224 08.5 09.1 99.00 99.00 99.00 999 1025.8  01.5 999.0 999.0 99.0
94 02 18 05 238 10.2 11.2 99.00 99.00 99.00 999 1025.8  01.7 999.0 999.0 99.0
94 02 18 06 241 09.3 10.0 99.00 99.00 99.00 999 1025.9  01.5 999.0 999.0 99.0
94 02 18 07 244 08.0 09.0 99.00 99.00 99.00 999 1026.4  01.4 999.0 999.0 99.0
94 02 18 08 247 07.9 08.8 99.00 99.00 99.00 999 1026.3  01.1 999.0 999.0 99.0
94 02 18 09 254 09.7 10.3 99.00 99.00 99.00 999 1026.9  01.2 999.0 999.0 99.0
94 02 18 10 253 07.6 08.5 99.00 99.00 99.00 999 1027.4  00.9 999.0 999.0 99.0
94 02 18 11 251 06.5 07.4 99.00 99.00 99.00 999 1027.8  00.7 999.0 999.0 99.0
94 02 18 12 254 08.0 08.6 99.00 99.00 99.00 999 1028.0  01.0 999.0 999.0 99.0
94 02 18 13 272 04.8 05.1 99.00 99.00 99.00 999 1029.7  01.3 999.0 999.0 99.0
94 02 18 14 261 05.1 05.2 99.00 99.00 99.00 999 1030.5  01.2 999.0 999.0 99.0
94 02 18 15 259 03.9 04.1 99.00 99.00 99.00 999 1030.7  02.0 999.0 999.0 99.0
94 02 18 16 232 03.7 03.8 99.00 99.00 99.00 999 1030.6  03.0 999.0 999.0 99.0
94 02 18 17 248 03.7 03.9 99.00 99.00 99.00 999 1029.9  03.6 999.0 999.0 99.0
94 02 18 18 229 02.6 02.7 99.00 99.00 99.00 999 1029.7  03.6 999.0 999.0 99.0
94 02 18 19 227 02.2 02.3 99.00 99.00 99.00 999 1029.7  04.9 999.0 999.0 99.0
94 02 18 20 160 03.2 03.3 99.00 99.00 99.00 999 1029.9  05.1 999.0 999.0 99.0
94 02 18 21 176 04.7 06.2 99.00 99.00 99.00 999 1030.4  05.8 999.0 999.0 99.0
94 02 18 22 197 05.8 06.0 99.00 99.00 99.00 999 1030.9  03.6 999.0 999.0 99.0
94 02 18 23 208 03.9 04.1 99.00 99.00 99.00 999 1031.6  03.5 999.0 999.0 99.0
94 02 19 00 170 01.1 01.3 99.00 99.00 99.00 999 1032.0  02.9 999.0 999.0 99.0
94 02 19 03 117 06.2 06.5 99.00 99.00 99.00 999 1033.0  02.2 999.0 999.0 99.0
94 02 19 04 128 08.1 08.4 99.00 99.00 99.00 999 1033.0  01.8 999.0 999.0 99.0
94 02 19 05 142 08.0 08.3 99.00 99.00 99.00 999 1032.9  02.1 999.0 999.0 99.0
94 02 19 06 140 08.0 08.3 99.00 99.00 99.00 999 1033.2  02.0 999.0 999.0 99.0
94 02 19 07 141 07.5 07.9 99.00 99.00 99.00 999 1033.1  01.8 999.0 999.0 99.0
94 02 19 08 149 08.2 08.6 99.00 99.00 99.00 999 1032.6  01.9 999.0 999.0 99.0
94 02 19 09 151 07.3 07.6 99.00 99.00 99.00 999 1032.6  02.1 999.0 999.0 99.0
94 02 19 10 159 07.8 08.1 99.00 99.00 99.00 999 1032.2  02.2 999.0 999.0 99.0
94 02 19 11 154 08.3 08.6 99.00 99.00 99.00 999 1032.0  02.6 999.0 999.0 99.0
94 02 19 12 159 05.8 06.0 99.00 99.00 99.00 999 1032.2  02.3 999.0 999.0 99.0
94 02 19 13 163 06.6 06.9 99.00 99.00 99.00 999 1032.5  02.8 999.0 999.0 99.0
94 02 19 14 197 06.7 07.5 99.00 99.00 99.00 999 1032.4  03.4 999.0 999.0 99.0
94 02 19 15 215 04.5 04.9 99.00 99.00 99.00 999 1032.5  02.7 999.0 999.0 99.0
94 02 19 16 228 03.9 04.0 99.00 99.00 99.00 999 1032.3  01.5 999.0 999.0 99.0
94 02 19 17 213 04.3 04.5 99.00 99.00 99.00 999 1031.5  00.2 999.0 999.0 99.0
94 02 19 18 211 04.9 05.1 99.00 99.00 99.00 999 1030.6  00.6 999.0 999.0 99.0
94 02 19 19 187 04.0 04.2 99.00 99.00 99.00 999 1030.1  00.3 999.0 999.0 99.0
94 02 19 20 199 08.2 08.8 99.00 99.00 99.00 999 1029.4  02.8 999.0 999.0 99.0
94 02 19 21 204 09.4 09.7 99.00 99.00 99.00 999 1029.2  03.5 999.0 999.0 99.0
94 02 19 22 207 09.9 10.4 99.00 99.00 99.00 999 1029.0  03.5 999.0 999.0 99.0
94 02 19 23 201 07.7 07.9 99.00 99.00 99.00 999 1029.4  03.8 999.0 999.0 99.0
94 02 20 00 194 11.4 11.7 99.00 99.00 99.00 999 1029.0  04.3 999.0 999.0 99.0
94 02 20 01 201 11.4 11.8 99.00 99.00 99.00 999 1028.6  04.3 999.0 999.0 99.0
94 02 20 02 197 08.8 09.2 99.00 99.00 99.00 999 1028.7  03.8 999.0 999.0 99.0
94 02 20 03 214 06.5 07.0 99.00 99.00 99.00 999 1028.9  03.9 999.0 999.0 99.0
94 02 20 04 224 08.5 09.2 99.00 99.00 99.00 999 1028.6  04.0 999.0 999.0 99.0
94 02 20 05 222 08.6 09.2 99.00 99.00 99.00 999 1028.3  03.3 999.0 999.0 99.0
94 02 20 06 221 09.1 09.6 99.00 99.00 99.00 999 1027.9  03.2 999.0 999.0 99.0
94 02 20 07 230 07.0 07.8 99.00 99.00 99.00 999 1028.0  03.2 999.0 999.0 99.0
94 02 20 08 236 07.2 07.9 99.00 99.00 99.00 999 1027.6  03.1 999.0 999.0 99.0
94 02 20 09 236 09.7 10.1 99.00 99.00 99.00 999 1027.4  03.2 999.0 999.0 99.0
94 02 20 10 231 09.4 09.9 99.00 99.00 99.00 999 1027.2  04.4 999.0 999.0 99.0
94 02 20 11 232 08.7 09.2 99.00 99.00 99.00 999 1027.1  04.1 999.0 999.0 99.0
94 02 20 12 234 09.2 09.7 99.00 99.00 99.00 999 1027.2  04.1 999.0 999.0 99.0
94 02 20 13 223 10.4 10.8 99.00 99.00 99.00 999 1027.2  04.9 999.0 999.0 99.0
94 02 20 14 220 11.4 11.7 99.00 99.00 99.00 999 1027.0  05.2 999.0 999.0 99.0
94 02 20 15 219 09.4 09.7 99.00 99.00 99.00 999 1026.6  04.2 999.0 999.0 99.0
94 02 20 16 220 11.2 11.6 99.00 99.00 99.00 999 1026.3  04.0 999.0 999.0 99.0
94 02 20 17 215 08.7 09.2 99.00 99.00 99.00 999 1025.6  03.7 999.0 999.0 99.0
94 02 20 18 211 09.5 10.0 99.00 99.00 99.00 999 1024.7  03.7 999.0 999.0 99.0
94 02 20 19 216 09.8 10.5 99.00 99.00 99.00 999 1024.1  03.8 999.0 999.0 99.0
94 02 20 20 208 11.1 11.5 99.00 99.00 99.00 999 1023.6  03.9 999.0 999.0 99.0
94 02 20 21 206 13.1 14.0 99.00 99.00 99.00 999 1023.2  04.6 999.0 999.0 99.0
94 02 20 22 201 14.0 14.4 99.00 99.00 99.00 999 1023.3  04.7 999.0 999.0 99.0
94 02 20 23 200 12.4 13.0 99.00 99.00 99.00 999 1023.3  04.6 999.0 999.0 99.0
94 02 21 00 206 07.7 09.5 99.00 99.00 99.00 999 1023.5  04.5 999.0 999.0 99.0
94 02 21 01 190 14.6 15.2 99.00 99.00 99.00 999 1022.7  05.7 999.0 999.0 99.0
94 02 21 02 191 09.2 09.7 99.00 99.00 99.00 999 1022.9  04.6 999.0 999.0 99.0
94 02 21 04 230 07.7 08.3 99.00 99.00 99.00 999 1022.7  05.1 999.0 999.0 99.0
94 02 21 05 225 06.8 07.5 99.00 99.00 99.00 999 1022.1  04.6 999.0 999.0 99.0
94 02 21 06 224 05.6 06.2 99.00 99.00 99.00 999 1021.6  04.0 999.0 999.0 99.0
94 02 21 07 239 05.0 06.1 99.00 99.00 99.00 999 1021.6  04.2 999.0 999.0 99.0
94 02 21 08 215 08.3 08.8 99.00 99.00 99.00 999 1020.6  04.9 999.0 999.0 99.0
94 02 21 09 224 06.6 07.4 99.00 99.00 99.00 999 1020.5  04.5 999.0 999.0 99.0
94 02 21 10 216 06.2 06.8 99.00 99.00 99.00 999 1020.1  04.3 999.0 999.0 99.0
94 02 21 11 201 06.6 07.6 99.00 99.00 99.00 999 1019.8  04.3 999.0 999.0 99.0
94 02 21 12 197 07.5 08.1 99.00 99.00 99.00 999 1019.7  04.8 999.0 999.0 99.0
94 02 21 13 217 06.9 07.5 99.00 99.00 99.00 999 1020.0  04.6 999.0 999.0 99.0
94 02 21 14 216 06.1 06.9 99.00 99.00 99.00 999 1019.4  04.7 999.0 999.0 99.0
94 02 21 15 214 06.9 07.6 99.00 99.00 99.00 999 1018.8  04.2 999.0 999.0 99.0
94 02 21 16 232 06.2 06.7 99.00 99.00 99.00 999 1018.4  05.2 999.0 999.0 99.0
94 02 21 17 239 04.7 05.1 99.00 99.00 99.00 999 1017.6  04.5 999.0 999.0 99.0
94 02 21 18 280 03.2 03.8 99.00 99.00 99.00 999 1016.8  05.1 999.0 999.0 99.0
94 02 21 19 243 03.9 04.1 99.00 99.00 99.00 999 1016.4  04.2 999.0 999.0 99.0
94 02 21 20 295 01.5 01.9 99.00 99.00 99.00 999 1016.0  06.0 999.0 999.0 99.0
94 02 21 21 342 02.2 02.6 99.00 99.00 99.00 999 1016.1  06.2 999.0 999.0 99.0
94 02 21 22 049 00.7 00.7 99.00 99.00 99.00 999 1015.9  05.7 999.0 999.0 99.0
94 02 21 23 280 03.1 03.5 99.00 99.00 99.00 999 1016.3  07.2 999.0 999.0 99.0
94 02 22 00 343 01.2 01.3 99.00 99.00 99.00 999 1015.4  08.3 999.0 999.0 99.0
94 02 22 01 230 01.5 01.6 99.00 99.00 99.00 999 1015.1  07.3 999.0 999.0 99.0
94 02 22 09 295 09.4 10.2 99.00 99.00 99.00 999 1016.6  03.4 999.0 999.0 99.0
94 02 22 10 292 10.0 11.1 99.00 99.00 99.00 999 1017.6  03.2 999.0 999.0 99.0
94 02 22 11 289 07.4 08.0 99.00 99.00 99.00 999 9999.0  02.4 999.0 999.0 99.0
94 02 22 12 294 08.4 09.4 99.00 99.00 99.00 999 9999.0  02.1 999.0 999.0 99.0
94 02 22 13 294 08.2 09.1 99.00 99.00 99.00 999 9999.0  03.2 999.0 999.0 99.0
